{
    "camera_angle_x": 1.2480461597442627,
    "frames": [
        {
            "file_path": "train\\0001.png",
            "transform_matrix": [
                [
                    0.433736652135849,
                    -0.8125873804092407,
                    -0.3893255889415741,
                    -7.786511421203613
                ],
                [
                    -0.9010397791862488,
                    -0.39115801453590393,
                    -0.18741102516651154,
                    -3.748220443725586
                ],
                [
                    1.4901161193847656e-08,
                    0.43208470940589905,
                    -0.9018329977989197,
                    -8.036659240722656
                ],
                [
                    0.0,
                    0.0,
                    0.0,
                    1.0
                ]
            ]
        },
        {
            "file_path": "train\\0002.png",
            "transform_matrix": [
                [
                    0.21665818989276886,
                    -0.9736312031745911,
                    0.07142537087202072,
                    1.4285073280334473
                ],
                [
                    0.9762475490570068,
                    0.2160775512456894,
                    -0.015851400792598724,
                    -0.3170280158519745
                ],
                [
                    -9.313225746154785e-10,
                    0.07316242158412933,
                    0.9973199963569641,
                    29.946399688720703
                ],
                [
                    0.0,
                    0.0,
                    0.0,
                    1.0
                ]
            ]
        },
        {
            "file_path": "train\\0003.png",
            "transform_matrix": [
                [
                    -0.5587546825408936,
                    -0.32335996627807617,
                    -0.763696014881134,
                    -15.273920059204102
                ],
                [
                    -0.8293330669403076,
                    0.21786047518253326,
                    0.5145323872566223,
                    10.290647506713867
                ],
                [
                    1.4901161193847656e-08,
                    0.920855700969696,
                    -0.38990363478660583,
                    2.2019271850585938
                ],
                [
                    0.0,
                    0.0,
                    0.0,
                    1.0
                ]
            ]
        },
        {
            "file_path": "train\\0004.png",
            "transform_matrix": [
                [
                    0.6983349919319153,
                    -0.64136803150177,
                    0.31776610016822815,
                    6.355321884155273
                ],
                [
                    0.7157710790634155,
                    0.6257444024085999,
                    -0.3100253641605377,
                    -6.200507164001465
                ],
                [
                    0.0,
                    0.443949431180954,
                    0.8960518836975098,
                    27.921037673950195
                ],
                [
                    0.0,
                    0.0,
                    0.0,
                    1.0
                ]
            ]
        },
        {
            "file_path": "train\\0005.png",
            "transform_matrix": [
                [
                    0.24309638142585754,
                    -0.23648309707641602,
                    -0.9407337307929993,
                    -18.814674377441406
                ],
                [
                    -0.9700021743774414,
                    -0.05926603451371193,
                    -0.23576128482818604,
                    -4.715225696563721
                ],
                [
                    0.0,
                    0.969826340675354,
                    -0.2437964677810669,
                    5.124070644378662
                ],
                [
                    0.0,
                    0.0,
                    0.0,
                    1.0
                ]
            ]
        },
        {
            "file_path": "train\\0006.png",
            "transform_matrix": [
                [
                    -0.3012060821056366,
                    -0.0032410472631454468,
                    0.9535536170005798,
                    19.07107162475586
                ],
                [
                    0.9535590410232544,
                    -0.0010237678652629256,
                    0.3012043535709381,
                    6.024086952209473
                ],
                [
                    0.0,
                    0.9999942779541016,
                    0.003398895263671875,
                    10.067977905273438
                ],
                [
                    0.0,
                    0.0,
                    0.0,
                    1.0
                ]
            ]
        },
        {
            "file_path": "train\\0007.png",
            "transform_matrix": [
                [
                    0.2571595013141632,
                    -0.6955277323722839,
                    0.6709025502204895,
                    13.418050765991211
                ],
                [
                    0.9663690328598022,
                    0.185086190700531,
                    -0.17853322625160217,
                    -3.570664405822754
                ],
                [
                    1.4901161193847656e-08,
                    0.6942508816719055,
                    0.7197330594062805,
                    24.39466094970703
                ],
                [
                    0.0,
                    0.0,
                    0.0,
                    1.0
                ]
            ]
        },
        {
            "file_path": "train\\0008.png",
            "transform_matrix": [
                [
                    -0.990568995475769,
                    -0.13662748038768768,
                    -0.010296680964529514,
                    -0.2059336155653
                ],
                [
                    -0.1370149403810501,
                    0.9877678751945496,
                    0.0744413286447525,
                    1.4888265132904053
                ],
                [
                    0.0,
                    0.07515016943216324,
                    -0.9971722960472107,
                    -9.943445205688477
                ],
                [
                    0.0,
                    0.0,
                    0.0,
                    1.0
                ]
            ]
        },
        {
            "file_path": "train\\0009.png",
            "transform_matrix": [
                [
                    -0.015477579087018967,
                    -0.10143551975488663,
                    -0.9947217106819153,
                    -19.894433975219727
                ],
                [
                    -0.999880313873291,
                    0.0015701642259955406,
                    0.015397726558148861,
                    0.3079545199871063
                ],
                [
                    1.1641533570472262e-10,
                    0.9948408603668213,
                    -0.1014476791024208,
                    7.971046447753906
                ],
                [
                    0.0,
                    0.0,
                    0.0,
                    1.0
                ]
            ]
        },
        {
            "file_path": "train\\0010.png",
            "transform_matrix": [
                [
                    0.5376285314559937,
                    0.8029443621635437,
                    -0.2573632001876831,
                    -5.147264003753662
                ],
                [
                    -0.843181848526001,
                    0.5119723677635193,
                    -0.1640995889902115,
                    -3.281991720199585
                ],
                [
                    1.4901162970204496e-08,
                    0.3052286207675934,
                    0.9522790908813477,
                    29.045581817626953
                ],
                [
                    0.0,
                    0.0,
                    0.0,
                    1.0
                ]
            ]
        },
        {
            "file_path": "train\\0011.png",
            "transform_matrix": [
                [
                    0.9347610473632812,
                    0.31350213289260864,
                    0.16714738309383392,
                    3.3429477214813232
                ],
                [
                    0.3552771508693695,
                    -0.8248478174209595,
                    -0.4397773742675781,
                    -8.795547485351562
                ],
                [
                    1.4901162970204496e-08,
                    0.4704703688621521,
                    -0.882415771484375,
                    -7.6483154296875
                ],
                [
                    0.0,
                    0.0,
                    0.0,
                    1.0
                ]
            ]
        },
        {
            "file_path": "train\\0012.png",
            "transform_matrix": [
                [
                    -0.5104252099990845,
                    -0.20179636776447296,
                    -0.8359093070030212,
                    -16.718185424804688
                ],
                [
                    -0.8599221110343933,
                    0.11978056281805038,
                    0.4961719214916229,
                    9.92343807220459
                ],
                [
                    -7.4505797087454084e-09,
                    0.9720755815505981,
                    -0.23466816544532776,
                    5.306636810302734
                ],
                [
                    0.0,
                    0.0,
                    0.0,
                    1.0
                ]
            ]
        },
        {
            "file_path": "train\\0013.png",
            "transform_matrix": [
                [
                    0.5370504260063171,
                    0.2306516170501709,
                    0.8114041686058044,
                    16.22808265686035
                ],
                [
                    0.8435502052307129,
                    -0.1468455046415329,
                    -0.5165845155715942,
                    -10.331689834594727
                ],
                [
                    0.0,
                    0.9618920087814331,
                    -0.27342966198921204,
                    4.531406879425049
                ],
                [
                    0.0,
                    0.0,
                    0.0,
                    1.0
                ]
            ]
        },
        {
            "file_path": "train\\0014.png",
            "transform_matrix": [
                [
                    -0.303962379693985,
                    -0.878135085105896,
                    -0.3694398105144501,
                    -7.388795852661133
                ],
                [
                    -0.9526841044425964,
                    0.28017687797546387,
                    0.11787309497594833,
                    2.357461929321289
                ],
                [
                    -7.450580596923828e-09,
                    0.38778823614120483,
                    -0.9217484593391418,
                    -8.434968948364258
                ],
                [
                    0.0,
                    0.0,
                    0.0,
                    1.0
                ]
            ]
        },
        {
            "file_path": "train\\0015.png",
            "transform_matrix": [
                [
                    0.990896999835968,
                    0.1299828439950943,
                    0.03503889963030815,
                    0.7007780075073242
                ],
                [
                    0.1346226930618286,
                    -0.9567452669143677,
                    -0.25790560245513916,
                    -5.158112049102783
                ],
                [
                    0.0,
                    0.26027482748031616,
                    -0.9655346274375916,
                    -9.310691833496094
                ],
                [
                    0.0,
                    0.0,
                    0.0,
                    1.0
                ]
            ]
        },
        {
            "file_path": "train\\0016.png",
            "transform_matrix": [
                [
                    0.9502547979354858,
                    -0.23357179760932922,
                    -0.20605848729610443,
                    -4.121169567108154
                ],
                [
                    -0.3114737272262573,
                    -0.712588906288147,
                    -0.6286503076553345,
                    -12.573005676269531
                ],
                [
                    -1.4901161193847656e-08,
                    0.6615597605705261,
                    -0.7498924732208252,
                    -4.997849464416504
                ],
                [
                    0.0,
                    0.0,
                    0.0,
                    1.0
                ]
            ]
        },
        {
            "file_path": "train\\0017.png",
            "transform_matrix": [
                [
                    -0.9579296708106995,
                    -0.23968787491321564,
                    0.1578628271818161,
                    3.157256603240967
                ],
                [
                    0.28700339794158936,
                    -0.8000048995018005,
                    0.5268978476524353,
                    10.537957191467285
                ],
                [
                    1.4901162970204496e-08,
                    0.5500380992889404,
                    0.8351394534111023,
                    26.702789306640625
                ],
                [
                    0.0,
                    0.0,
                    0.0,
                    1.0
                ]
            ]
        },
        {
            "file_path": "train\\0018.png",
            "transform_matrix": [
                [
                    -0.9979625940322876,
                    -0.06356281042098999,
                    -0.005531936418265104,
                    -0.11063872277736664
                ],
                [
                    -0.06380308419466019,
                    0.9942044019699097,
                    0.08652662485837936,
                    1.7305324077606201
                ],
                [
                    0.0,
                    0.08670325577259064,
                    -0.996234118938446,
                    -9.9246826171875
                ],
                [
                    0.0,
                    0.0,
                    0.0,
                    1.0
                ]
            ]
        },
        {
            "file_path": "train\\0019.png",
            "transform_matrix": [
                [
                    -0.7927253246307373,
                    0.5852968096733093,
                    0.1703355759382248,
                    3.4067115783691406
                ],
                [
                    0.6095789670944214,
                    0.7611476182937622,
                    0.22151243686676025,
                    4.430248737335205
                ],
                [
                    0.0,
                    0.2794314920902252,
                    -0.9601656198501587,
                    -9.203311920166016
                ],
                [
                    0.0,
                    0.0,
                    0.0,
                    1.0
                ]
            ]
        },
        {
            "file_path": "train\\0020.png",
            "transform_matrix": [
                [
                    0.6932035088539124,
                    0.4204060137271881,
                    0.5854294896125793,
                    11.708589553833008
                ],
                [
                    0.7207419276237488,
                    -0.4043429493904114,
                    -0.5630611777305603,
                    -11.261223793029785
                ],
                [
                    -1.4901161193847656e-08,
                    0.8122594952583313,
                    -0.5832962393760681,
                    -1.665924072265625
                ],
                [
                    0.0,
                    0.0,
                    0.0,
                    1.0
                ]
            ]
        },
        {
            "file_path": "train\\0021.png",
            "transform_matrix": [
                [
                    0.4013994634151459,
                    0.6984527707099915,
                    0.5924882292747498,
                    11.849763870239258
                ],
                [
                    0.9159032106399536,
                    -0.30610063672065735,
                    -0.25966110825538635,
                    -5.1932220458984375
                ],
                [
                    0.0,
                    0.6468895673751831,
                    -0.7625836730003357,
                    -5.251673698425293
                ],
                [
                    0.0,
                    0.0,
                    0.0,
                    1.0
                ]
            ]
        },
        {
            "file_path": "train\\0022.png",
            "transform_matrix": [
                [
                    0.6084172129631042,
                    -0.2597302496433258,
                    0.749912440776825,
                    14.998249053955078
                ],
                [
                    0.7936174273490906,
                    0.19911909103393555,
                    -0.57491135597229,
                    -11.4982271194458
                ],
                [
                    -1.4901162970204496e-08,
                    0.9449294805526733,
                    0.3272739350795746,
                    16.54547882080078
                ],
                [
                    0.0,
                    0.0,
                    0.0,
                    1.0
                ]
            ]
        },
        {
            "file_path": "train\\0023.png",
            "transform_matrix": [
                [
                    0.09372019022703171,
                    0.3743535876274109,
                    -0.9225378036499023,
                    -18.450756072998047
                ],
                [
                    -0.995598554611206,
                    0.03523958846926689,
                    -0.08684264868497849,
                    -1.736853003501892
                ],
                [
                    -3.7252898543727042e-09,
                    0.9266162514686584,
                    0.3760085105895996,
                    17.520170211791992
                ],
                [
                    0.0,
                    0.0,
                    0.0,
                    1.0
                ]
            ]
        },
        {
            "file_path": "train\\0024.png",
            "transform_matrix": [
                [
                    0.5874893069267273,
                    -0.138968825340271,
                    0.797210156917572,
                    15.94420337677002
                ],
                [
                    0.8092319965362549,
                    0.10088910907506943,
                    -0.578761637210846,
                    -11.57523250579834
                ],
                [
                    0.0,
                    0.9851441979408264,
                    0.17172928154468536,
                    13.434585571289062
                ],
                [
                    0.0,
                    0.0,
                    0.0,
                    1.0
                ]
            ]
        },
        {
            "file_path": "train\\0025.png",
            "transform_matrix": [
                [
                    0.12394887953996658,
                    -0.14488467574119568,
                    -0.9816542863845825,
                    -19.633085250854492
                ],
                [
                    -0.9922885894775391,
                    -0.018097853288054466,
                    -0.12262052297592163,
                    -2.4524104595184326
                ],
                [
                    0.0,
                    0.9892829656600952,
                    -0.1460106372833252,
                    7.079787254333496
                ],
                [
                    0.0,
                    0.0,
                    0.0,
                    1.0
                ]
            ]
        },
        {
            "file_path": "train\\0026.png",
            "transform_matrix": [
                [
                    -0.8748955726623535,
                    0.3414500951766968,
                    0.3434671461582184,
                    6.869342803955078
                ],
                [
                    0.4843117594718933,
                    0.6168199777603149,
                    0.6204637885093689,
                    12.409276008605957
                ],
                [
                    2.9802322387695312e-08,
                    0.7091861367225647,
                    -0.705021321773529,
                    -4.100425720214844
                ],
                [
                    0.0,
                    0.0,
                    0.0,
                    1.0
                ]
            ]
        },
        {
            "file_path": "train\\0027.png",
            "transform_matrix": [
                [
                    0.9908123016357422,
                    -0.11185186356306076,
                    0.07602723687887192,
                    1.5205447673797607
                ],
                [
                    0.13524416089057922,
                    0.8194380402565002,
                    -0.556983232498169,
                    -11.139664649963379
                ],
                [
                    3.725290298461914e-09,
                    0.5621480345726013,
                    0.8270366787910461,
                    26.540733337402344
                ],
                [
                    0.0,
                    0.0,
                    0.0,
                    1.0
                ]
            ]
        },
        {
            "file_path": "train\\0028.png",
            "transform_matrix": [
                [
                    -0.7269192337989807,
                    0.23697587847709656,
                    -0.6445392966270447,
                    -12.890786170959473
                ],
                [
                    -0.686722993850708,
                    -0.25084686279296875,
                    0.682266354560852,
                    13.645326614379883
                ],
                [
                    1.4901162970204496e-08,
                    0.9385724067687988,
                    0.34508219361305237,
                    16.901643753051758
                ],
                [
                    0.0,
                    0.0,
                    0.0,
                    1.0
                ]
            ]
        },
        {
            "file_path": "train\\0029.png",
            "transform_matrix": [
                [
                    -0.8943839073181152,
                    0.3537965416908264,
                    -0.27368879318237305,
                    -5.473775863647461
                ],
                [
                    -0.44730034470558167,
                    -0.7074216604232788,
                    0.5472449660301208,
                    10.944899559020996
                ],
                [
                    0.0,
                    0.611868143081665,
                    0.7909597754478455,
                    25.819194793701172
                ],
                [
                    0.0,
                    0.0,
                    0.0,
                    1.0
                ]
            ]
        },
        {
            "file_path": "train\\0030.png",
            "transform_matrix": [
                [
                    -0.48662614822387695,
                    0.8469953536987305,
                    0.21399496495723724,
                    4.2798991203308105
                ],
                [
                    0.8736103177070618,
                    0.471800833940506,
                    0.11920135468244553,
                    2.3840270042419434
                ],
                [
                    -7.450580596923828e-09,
                    0.2449546903371811,
                    -0.9695345163345337,
                    -9.390689849853516
                ],
                [
                    0.0,
                    0.0,
                    0.0,
                    1.0
                ]
            ]
        },
        {
            "file_path": "train\\0031.png",
            "transform_matrix": [
                [
                    -0.6960797905921936,
                    0.39674752950668335,
                    0.5983847975730896,
                    11.967696189880371
                ],
                [
                    0.7179644107818604,
                    0.38465407490730286,
                    0.5801451206207275,
                    11.60290241241455
                ],
                [
                    0.0,
                    0.8334462642669678,
                    -0.5526005029678345,
                    -1.0520095825195312
                ],
                [
                    0.0,
                    0.0,
                    0.0,
                    1.0
                ]
            ]
        },
        {
            "file_path": "train\\0032.png",
            "transform_matrix": [
                [
                    0.10551784932613373,
                    0.9659507870674133,
                    -0.2362312376499176,
                    -4.7246246337890625
                ],
                [
                    -0.9944174289703369,
                    0.10249724239110947,
                    -0.025066545233130455,
                    -0.5013309121131897
                ],
                [
                    0.0,
                    0.2375573217868805,
                    0.9713734984397888,
                    29.42746925354004
                ],
                [
                    0.0,
                    0.0,
                    0.0,
                    1.0
                ]
            ]
        },
        {
            "file_path": "train\\0033.png",
            "transform_matrix": [
                [
                    -0.9725145101547241,
                    0.19652259349822998,
                    -0.12487827986478806,
                    -2.497565507888794
                ],
                [
                    -0.23284271359443665,
                    -0.8208162784576416,
                    0.5215793251991272,
                    10.431586265563965
                ],
                [
                    0.0,
                    0.5363203883171082,
                    0.8440144658088684,
                    26.88028907775879
                ],
                [
                    0.0,
                    0.0,
                    0.0,
                    1.0
                ]
            ]
        },
        {
            "file_path": "train\\0034.png",
            "transform_matrix": [
                [
                    -0.34488242864608765,
                    0.8893364071846008,
                    -0.300228089094162,
                    -6.004561424255371
                ],
                [
                    -0.9386459589004517,
                    -0.3267648220062256,
                    0.11031144112348557,
                    2.206228733062744
                ],
                [
                    0.0,
                    0.31985241174697876,
                    0.9474674463272095,
                    28.94934844970703
                ],
                [
                    0.0,
                    0.0,
                    0.0,
                    1.0
                ]
            ]
        },
        {
            "file_path": "train\\0035.png",
            "transform_matrix": [
                [
                    0.7872185111045837,
                    -0.28210362792015076,
                    -0.5483653545379639,
                    -10.967307090759277
                ],
                [
                    -0.6166741251945496,
                    -0.36012083292007446,
                    -0.700018584728241,
                    -14.000371932983398
                ],
                [
                    0.0,
                    0.8892304301261902,
                    -0.4574597477912903,
                    0.8508052825927734
                ],
                [
                    0.0,
                    0.0,
                    0.0,
                    1.0
                ]
            ]
        },
        {
            "file_path": "train\\0036.png",
            "transform_matrix": [
                [
                    -0.5866466164588928,
                    0.2731306552886963,
                    -0.7623944878578186,
                    -15.247889518737793
                ],
                [
                    -0.8098430633544922,
                    -0.19785460829734802,
                    0.5522751212120056,
                    11.045502662658691
                ],
                [
                    0.0,
                    0.9414102435112,
                    0.33726367354393005,
                    16.74527359008789
                ],
                [
                    0.0,
                    0.0,
                    0.0,
                    1.0
                ]
            ]
        },
        {
            "file_path": "train\\0037.png",
            "transform_matrix": [
                [
                    0.4516783356666565,
                    0.009838207624852657,
                    -0.8921266794204712,
                    -17.842533111572266
                ],
                [
                    -0.8921809196472168,
                    0.004980721976608038,
                    -0.45165085792541504,
                    -9.0330171585083
                ],
                [
                    0.0,
                    0.9999392032623291,
                    0.011027145199477673,
                    10.220542907714844
                ],
                [
                    0.0,
                    0.0,
                    0.0,
                    1.0
                ]
            ]
        },
        {
            "file_path": "train\\0038.png",
            "transform_matrix": [
                [
                    0.5647761225700378,
                    0.7964829802513123,
                    -0.215969517827034,
                    -4.319390296936035
                ],
                [
                    -0.8252443075180054,
                    0.5450926423072815,
                    -0.14780403673648834,
                    -2.956080675125122
                ],
                [
                    0.0,
                    0.2617036700248718,
                    0.9651482701301575,
                    29.30296516418457
                ],
                [
                    0.0,
                    0.0,
                    0.0,
                    1.0
                ]
            ]
        },
        {
            "file_path": "train\\0039.png",
            "transform_matrix": [
                [
                    -0.2826654314994812,
                    -0.27658897638320923,
                    0.918476402759552,
                    18.369525909423828
                ],
                [
                    0.9592185616493225,
                    -0.08150606602430344,
                    0.2706593871116638,
                    5.413187026977539
                ],
                [
                    0.0,
                    0.9575256705284119,
                    0.2883482277393341,
                    15.766963958740234
                ],
                [
                    0.0,
                    0.0,
                    0.0,
                    1.0
                ]
            ]
        },
        {
            "file_path": "train\\0040.png",
            "transform_matrix": [
                [
                    0.4005081057548523,
                    0.14594504237174988,
                    0.904595673084259,
                    18.0919132232666
                ],
                [
                    0.9162932634353638,
                    -0.06379199773073196,
                    -0.3953951597213745,
                    -7.90790319442749
                ],
                [
                    0.0,
                    0.9872338175773621,
                    -0.15927766263484955,
                    6.814446926116943
                ],
                [
                    0.0,
                    0.0,
                    0.0,
                    1.0
                ]
            ]
        },
        {
            "file_path": "train\\0041.png",
            "transform_matrix": [
                [
                    0.6627030968666077,
                    0.3164371848106384,
                    0.6787430644035339,
                    13.574861526489258
                ],
                [
                    0.7488822937011719,
                    -0.2800225019454956,
                    -0.600635290145874,
                    -12.01270580291748
                ],
                [
                    -1.4901162970204496e-08,
                    0.9063414931297302,
                    -0.4225459694862366,
                    1.5490808486938477
                ],
                [
                    0.0,
                    0.0,
                    0.0,
                    1.0
                ]
            ]
        },
        {
            "file_path": "train\\0042.png",
            "transform_matrix": [
                [
                    0.2732374370098114,
                    0.840456485748291,
                    -0.4679468870162964,
                    -9.358938217163086
                ],
                [
                    -0.9619467258453369,
                    0.2387285679578781,
                    -0.1329185962677002,
                    -2.658372163772583
                ],
                [
                    -7.450581485102248e-09,
                    0.4864581525325775,
                    0.8737038373947144,
                    27.474077224731445
                ],
                [
                    0.0,
                    0.0,
                    0.0,
                    1.0
                ]
            ]
        },
        {
            "file_path": "train\\0043.png",
            "transform_matrix": [
                [
                    0.9998773336410522,
                    0.0016699024708941579,
                    -0.015579881146550179,
                    -0.311597615480423
                ],
                [
                    -0.015669120475649834,
                    0.10655974596738815,
                    -0.9941827654838562,
                    -19.883655548095703
                ],
                [
                    -1.1641533570472262e-10,
                    0.9943049550056458,
                    0.10657282173633575,
                    12.13145637512207
                ],
                [
                    0.0,
                    0.0,
                    0.0,
                    1.0
                ]
            ]
        },
        {
            "file_path": "train\\0044.png",
            "transform_matrix": [
                [
                    0.9511439800262451,
                    0.020383521914482117,
                    -0.308074027299881,
                    -6.16148042678833
                ],
                [
                    -0.30874761939048767,
                    0.06279453635215759,
                    -0.9490689635276794,
                    -18.98137855529785
                ],
                [
                    -1.8626449271863521e-09,
                    0.9978183507919312,
                    0.06602001190185547,
                    11.32040023803711
                ],
                [
                    0.0,
                    0.0,
                    0.0,
                    1.0
                ]
            ]
        },
        {
            "file_path": "train\\0045.png",
            "transform_matrix": [
                [
                    0.9602862596511841,
                    -0.089445561170578,
                    -0.26429128646850586,
                    -5.285825729370117
                ],
                [
                    -0.2790168225765228,
                    -0.307842880487442,
                    -0.9096056222915649,
                    -18.19211196899414
                ],
                [
                    -7.450580596923828e-09,
                    0.9472234845161438,
                    -0.3205740749835968,
                    3.5885186195373535
                ],
                [
                    0.0,
                    0.0,
                    0.0,
                    1.0
                ]
            ]
        },
        {
            "file_path": "train\\0046.png",
            "transform_matrix": [
                [
                    0.820605456829071,
                    0.5690568089485168,
                    0.05273568257689476,
                    1.0547136068344116
                ],
                [
                    0.5714951753616333,
                    -0.8171042799949646,
                    -0.07572275400161743,
                    -1.5144550800323486
                ],
                [
                    3.725290298461914e-09,
                    0.09227681905031204,
                    -0.995733380317688,
                    -9.914667129516602
                ],
                [
                    0.0,
                    0.0,
                    0.0,
                    1.0
                ]
            ]
        },
        {
            "file_path": "train\\0047.png",
            "transform_matrix": [
                [
